cup_left_edge_59.png 1 205 19 119 162 
cup_left_edge_9.png 2 109 209 128 141 385 190 116 163
cup_left_edge_112.png 1 85 104 135 250
cup_left_edge_124.png 1 187 113 105 139
cup_left_edge_40.png 1 149 113 109 172
cup_left_edge_55.png 1 222 150 110 143
cup_left_edge_135.png 2 149 133 82 109 199 131 95 119
cup_left_edge_57.png 1 50 70 161 226
cup_left_edge_16.png 1 112 287 147 191
cup_left_edge_32.png 1 220 139 136 132
cup_left_edge_41.png 2 122 134 88 141 154 121 120 162
cup_left_edge_48.png 3 123 129 94 100 180 128 85 110 231 90 135 171
cup_left_edge_105.png 2 104 84 148 166 197 91 163 232
cup_left_edge_111.png 1 76 114 148 228
cup_left_edge_132.png 2 155 139 84 98 203 129 116 124
cup_left_edge_7.png 2 87 321 121 130 354 310 119 152
cup_left_edge_15.png 2 108 260 126 183 174 239 211 220
cup_left_edge_114.png 1 179 295 115 120
cup_left_edge_131.png 1 200 110 100 137
cup_left_edge_11.png 2 87 281 117 163 371 285 117 188
cup_left_edge_110.png 1 83 106 158 226
cup_left_edge_101.png 1 94 78 177 192
cup_left_edge_128.png 1 200 104 100 146
cup_left_edge_141.png 3 147 129 87 102 200 111 103 135 256 74 164 199
cup_left_edge_30.png 1 226 120 132 138
cup_left_edge_147.png 3 146 122 109 105 201 107 111 131 251 94 160 174
cup_left_edge_50.png 2 236 125 81 111 269 102 115 154
cup_left_edge_1.png 1 245 253 110 149
cup_left_edge_122.png 2 318 84 82 160 344 52 171 216
cup_left_edge_54.png 1 287 96 153 201
cup_left_edge_145.png 3 149 133 91 97 198 116 108 130 253 70 159 223
cup_left_edge_70.png 1 283 215 137 188
cup_left_edge_95.png 1 258 167 104 135
cup_left_edge_68.png 1 242 94 104 93
cup_left_edge_127.png 1 201 99 132 155
cup_left_edge_103.png 1 218 205 183 221
cup_left_edge_18.png 1 218 215 212 231
cup_left_edge_36.png 2 223 126 130 130 144 131 114 127
cup_left_edge_53.png 1 267 209 143 160
cup_left_edge_136.png 2 154 124 85 112 196 109 97 143
cup_left_edge_84.png 1 151 201 214 259
cup_left_edge_58.png 1 47 10 194 225
cup_left_edge_97.png 2 177 200 135 129 261 178 119 170
cup_left_edge_52.png 1 281 168 135 135
cup_left_edge_102.png 1 100 47 206 201
cup_left_edge_117.png 2 307 207 161 143 407 198 171 175
cup_left_edge_96.png 1 168 134 138 138
cup_left_edge_150.png 3 142 126 98 110 197 109 112 139 253 60 161 212
cup_left_edge_46.png 3 125 139 88 94 179 116 116 124 227 94 222 169
cup_left_edge_130.png 1 202 109 120 135
cup_left_edge_106.png 2 41 114 121 171 95 94 189 246
cup_left_edge_94.png 1 265 14 153 212
cup_left_edge_107.png 2 43 103 124 186 106 100 154 233
cup_left_edge_93.png 2 141 67 121 179 221 54 157 296
cup_left_edge_29.png 1 222 127 133 136
cup_left_edge_8.png 2 49 329 104 133 288 310 115 156
cup_left_edge_21.png 2 127 242 142 183 199 198 198 270
cup_left_edge_38.png 2 154 141 119 118 228 128 119 139
cup_left_edge_2.png 1 273 282 150 150
cup_left_edge_121.png 2 302 96 105 151 347 66 178 198
cup_left_edge_5.png 1 92 191 188 212
cup_left_edge_115.png 1 109 242 118 152
cup_left_edge_65.png 2 127 77 125 144 183 66 152 174
cup_left_edge_81.png 1 67 93 160 233
cup_left_edge_134.png 2 152 129 104 107 201 114 111 134
cup_left_edge_74.png 3 255 182 77 105 296 198 75 115 335 203 112 141
cup_left_edge_142.png 3 157 128 97 106 206 115 100 125 260 63 130 203
cup_left_edge_91.png 1 263 139 174 222
cup_left_edge_88.png 1 230 98 146 194
cup_left_edge_10.png 2 121 306 108 138 364 283 99 188
cup_left_edge_6.png 1 275 234 181 235
cup_left_edge_77.png 1 185 68 163 206
cup_left_edge_24.png 2 227 272 88 128 270 289 126 140
cup_left_edge_44.png 1 179 121 158 126
cup_left_edge_99.png 1 97 81 302 350
cup_left_edge_149.png 3 144 135 103 103 196 121 96 127 254 82 154 186
cup_left_edge_123.png 2 240 99 169 159 344 66 164 206
cup_left_edge_148.png 3 153 132 98 97 200 109 113 137 257 70 154 207
cup_left_edge_14.png 1 58 184 236 244
cup_left_edge_67.png 3 234 143 101 113 289 138 126 120 350 122 162 157
cup_left_edge_129.png 1 197 116 129 130
cup_left_edge_75.png 3 97 108 115 125 139 96 154 152 241 93 182 179
cup_left_edge_116.png 2 182 231 129 138 254 225 146 174
cup_left_edge_144.png 3 143 130 99 102 200 118 108 128 251 75 158 194
cup_left_edge_98.png 2 148 143 125 147 211 122 146 201
cup_left_edge_62.png 2 70 80 114 178 89 95 197 212
cup_left_edge_49.png 3 121 121 117 111 175 116 146 127 266 102 144 160
cup_left_edge_104.png 1 207 176 158 194
cup_left_edge_26.png 1 274 264 152 93
cup_left_edge_73.png 2 162 104 96 136 196 121 146 188
cup_left_edge_69.png 1 208 160 86 97
cup_left_edge_45.png 2 184 115 117 136 227 96 176 185
cup_left_edge_119.png 3 89 154 110 103 136 127 110 138 193 122 143 183
cup_left_edge_23.png 2 270 285 94 104 313 278 114 119
cup_left_edge_85.png 1 209 93 213 293
cup_left_edge_86.png 2 99 120 175 195 192 124 191 245
cup_left_edge_39.png 2 164 139 110 121 224 136 123 119
cup_left_edge_20.png 1 166 287 97 121
cup_left_edge_143.png 3 148 126 106 107 195 105 128 146 254 75 162 191
cup_left_edge_89.png 2 226 108 114 145 272 102 182 205
cup_left_edge_83.png 1 295 271 178 188
cup_left_edge_90.png 1 173 192 178 242
cup_left_edge_120.png 1 180 117 152 172
cup_left_edge_118.png 3 125 170 108 120 185 160 99 141 246 136 135 208
cup_left_edge_3.png 1 253 307 150 154
cup_left_edge_56.png 1 150 197 137 180
cup_left_edge_63.png 2 195 51 162 184 280 38 213 251
cup_left_edge_71.png 1 230 114 121 119
cup_left_edge_47.png 3 124 132 97 97 177 114 115 129 227 97 142 156
cup_left_edge_33.png 2 154 141 117 110 218 130 135 131
cup_left_edge_125.png 1 198 111 113 130
cup_left_edge_17.png 1 162 177 174 263
cup_left_edge_37.png 2 159 140 121 130 220 120 139 146
cup_left_edge_76.png 1 176 115 172 269
cup_left_edge_72.png 2 199 123 77 118 217 114 120 157
cup_left_edge_126.png 1 200 110 110 139
cup_left_edge_51.png 3 181 127 90 104 238 124 80 115 269 95 126 161
cup_left_edge_108.png 1 119 109 133 245
cup_left_edge_12.png 2 113 266 133 130 375 245 124 164
cup_left_edge_140.png 2 140 129 106 107 203 108 125 154
cup_left_edge_42.png 2 152 135 103 133 198 112 132 170
cup_left_edge_146.png 3 149 125 98 109 207 109 112 141 258 64 118 200
cup_left_edge_22.png 2 254 301 105 110 301 296 109 126
cup_left_edge_138.png 2 154 132 93 104 204 107 112 144
cup_left_edge_43.png 2 150 139 98 129 202 115 143 178
cup_left_edge_109.png 1 88 95 145 249
cup_left_edge_78.png 1 101 60 207 254
cup_left_edge_92.png 1 254 55 200 336
cup_left_edge_19.png 1 137 206 185 263
cup_left_edge_34.png 2 155 135 120 124 228 124 121 143
cup_left_edge_87.png 1 209 28 187 212
cup_left_edge_27.png 1 210 324 149 103
cup_left_edge_4.png 1 134 232 192 161
cup_left_edge_13.png 1 320 244 167 173
cup_left_edge_100.png 1 86 171 213 216
cup_left_edge_31.png 1 221 134 161 139
cup_left_edge_64.png 1 174 76 185 214
cup_left_edge_139.png 2 139 133 114 100 197 108 117 138
cup_left_edge_61.png 2 207 54 120 168 274 50 160 232
cup_left_edge_28.png 1 261 274 153 115
cup_left_edge_79.png 2 56 114 101 156 111 78 118 250
cup_left_edge_60.png 2 269 54 68 158 303 79 115 200
cup_left_edge_133.png 2 148 127 98 102 205 114 101 143
cup_left_edge_113.png 2 36 105 111 180 81 97 141 258
cup_left_edge_66.png 3 123 150 92 118 157 154 147 122 217 119 158 179
cup_left_edge_35.png 2 143 150 137 107 217 127 146 136
cup_left_edge_80.png 1 83 100 191 228
cup_left_edge_137.png 2 148 134 105 100 200 103 116 137
